64000,0.000387
70400,0.000452
76800,0.000500
83200,0.000573
89600,0.000579
96000,0.000620
102400,0.000663
108800,0.000713
115200,0.000755
121600,0.000800
128000,0.000846
134400,0.000893
140800,0.000948
147200,0.000976
153600,0.001033
160000,0.001066
166400,0.001135
172800,0.001153
179200,0.001224
185600,0.001238
192000,0.001296
198400,0.001354
204800,0.001401
211200,0.001464
217600,0.001475
224000,0.001518
230400,0.001576
236800,0.001628
243200,0.001655
249600,0.001692
256000,0.001748
262400,0.001801
268800,0.002065
275200,0.002006
281600,0.001996
288000,0.002214
294400,0.002094
300800,0.002097
307200,0.002132
313600,0.002169
320000,0.002241
326400,0.002378
332800,0.002325
339200,0.002359
345600,0.002399
352000,0.002439
358400,0.002389
364800,0.002590
371200,0.002520
377600,0.002959
384000,0.002749
390400,0.002743
396800,0.002914
403200,0.002896
409600,0.002935
416000,0.003077
422400,0.003007
428800,0.003299
435200,0.003355
441600,0.003429
448000,0.003136
454400,0.003504
460800,0.003466
467200,0.003474
473600,0.003546
480000,0.003609
486400,0.003856
492800,0.003599
499200,0.004053
505600,0.003982
512000,0.004058
518400,0.004240
524800,0.004507
531200,0.004274
537600,0.004323
544000,0.004381
550400,0.004511
556800,0.004566
563200,0.004897
569600,0.004815
576000,0.004748
582400,0.004728
588800,0.004953
595200,0.004955
601600,0.005420
608000,0.005164
614400,0.005683
620800,0.005585
627200,0.005537
633600,0.005657
640000,0.006703
646400,0.005856
652800,0.005926
659200,0.006086
665600,0.006580
672000,0.006158
678400,0.006421
684800,0.006517
691200,0.006909
697600,0.006952
704000,0.006783
710400,0.007102
716800,0.007480
723200,0.007396
729600,0.007349
736000,0.007595
742400,0.007767
748800,0.007785
755200,0.007874
761600,0.007952
768000,0.008048
774400,0.008085
780800,0.008317
787200,0.008405
793600,0.009390
800000,0.008618
806400,0.008692
812800,0.009008
819200,0.009092
825600,0.008978
832000,0.009159
838400,0.009079
844800,0.009104
851200,0.009866
857600,0.009291
864000,0.009194
870400,0.009460
876800,0.009329
883200,0.009492
889600,0.009838
896000,0.009579
902400,0.009576
908800,0.009977
915200,0.010081
921600,0.010198
928000,0.010284
934400,0.010348
940800,0.010422
947200,0.010556
953600,0.010943
960000,0.010944
966400,0.010706
972800,0.010805
979200,0.011150
985600,0.010965
992000,0.011347
998400,0.011177
1004800,0.011611
1011200,0.011787
1017600,0.011404
1024000,0.011813
1030400,0.011368
1036800,0.011812
1043200,0.011600
1049600,0.011668
1056000,0.011648
1062400,0.012231
1068800,0.012521
1075200,0.012588
1081600,0.012627
1088000,0.012639
1094400,0.012774
1100800,0.012776
1107200,0.012772
1113600,0.013035
1120000,0.013003
1126400,0.013065
1132800,0.013064
1139200,0.013448
1145600,0.013284
1152000,0.013588
1158400,0.013814
1164800,0.014201
1171200,0.013843
1177600,0.014124
1184000,0.014103
1190400,0.014613
1196800,0.014535
1203200,0.014808
1209600,0.014447
1216000,0.014732
1222400,0.014562
1228800,0.015082
1235200,0.015132
1241600,0.015566
1248000,0.015708
1254400,0.015499
1260800,0.015602
1267200,0.015767
1273600,0.016140
1280000,0.015990
1286400,0.015996
1292800,0.015811
1299200,0.016383
1305600,0.016520
1312000,0.016977
1318400,0.016884
1324800,0.016996
1331200,0.016966
1337600,0.017212
1344000,0.017065
1350400,0.017323
1356800,0.016991
1363200,0.017111
1369600,0.018099
1376000,0.017985
1382400,0.018077
1388800,0.018552
1395200,0.018564
1401600,0.018771
1408000,0.018562
1414400,0.018627
1420800,0.018675
1427200,0.019032
1433600,0.018779
1440000,0.019200
1446400,0.020424
1452800,0.019458
1459200,0.019979
1465600,0.019954
1472000,0.019843
1478400,0.019848
1484800,0.019601
1491200,0.020467
1497600,0.020240
1504000,0.020071
1510400,0.020297
1516800,0.020640
1523200,0.020377
1529600,0.020870
1536000,0.021704
1542400,0.022426
1548800,0.021499
1555200,0.021677
1561600,0.021646
1568000,0.022026
1574400,0.022219
1580800,0.022799
1587200,0.021896
1593600,0.021799
1600000,0.022467
1606400,0.022455
1612800,0.022213
1619200,0.021865
1625600,0.022405
1632000,0.022677
1638400,0.022567
1644800,0.022528
1651200,0.022471
1657600,0.022756
1664000,0.023272
1670400,0.023875
1676800,0.023838
1683200,0.023662
1689600,0.023510
1696000,0.023478
1702400,0.023665
1708800,0.023784
1715200,0.023761
1721600,0.024875
1728000,0.024023
1734400,0.023925
1740800,0.024200
1747200,0.024142
1753600,0.024135
1760000,0.024170
1766400,0.024885
1772800,0.024083
1779200,0.024680
1785600,0.025023
1792000,0.024589
1798400,0.024686
1804800,0.024858
1811200,0.025521
1817600,0.024698
1824000,0.025684
1830400,0.024746
1836800,0.025264
1843200,0.025232
1849600,0.025092
1856000,0.024742
1862400,0.025796
1868800,0.024851
1875200,0.025273
1881600,0.025914
1888000,0.026220
1894400,0.026137
1900800,0.026082
1907200,0.026512
1913600,0.026399
1920000,0.026614
1926400,0.026973
1932800,0.026709
1939200,0.027005
1945600,0.027031
1952000,0.027344
1958400,0.027145
1964800,0.027389
1971200,0.027108
1977600,0.027423
1984000,0.027194
1990400,0.027807
1996800,0.027560
2003200,0.028076
2009600,0.027140
2016000,0.028235
2022400,0.028059
2028800,0.028887
2035200,0.028795
2041600,0.028843
2048000,0.028753
2054400,0.029044
2060800,0.028862
2067200,0.029098
2073600,0.029181
2080000,0.029003
2086400,0.029975
2092800,0.029139
2099200,0.029327
2105600,0.029438
2112000,0.029931
2118400,0.030003
2124800,0.030401
2131200,0.029955
2137600,0.029892
2144000,0.030265
2150400,0.029747
2156800,0.030664
2163200,0.030280
2169600,0.030761
2176000,0.029949
2182400,0.030693
2188800,0.031385
2195200,0.031942
2201600,0.031409
2208000,0.031566
2214400,0.031746
2220800,0.031787
2227200,0.032230
2233600,0.032004
2240000,0.032551
2246400,0.032055
2252800,0.034037
2259200,0.032817
2265600,0.032550
2272000,0.033161
2278400,0.032428
2284800,0.032734
2291200,0.032958
2297600,0.032873
2304000,0.033477
2310400,0.032745
2316800,0.033030
2323200,0.034117
2329600,0.033683
2336000,0.035235
2342400,0.035270
2348800,0.035975
2355200,0.035381
2361600,0.035869
2368000,0.035939
2374400,0.035930
2380800,0.036400
2387200,0.036391
2393600,0.036375
2400000,0.036214
2406400,0.035992
2412800,0.035734
2419200,0.036920
2425600,0.036239
2432000,0.036931
2438400,0.036834
2444800,0.037056
2451200,0.036577
2457600,0.037096
2464000,0.037229
2470400,0.036873
2476800,0.037657
2483200,0.036886
2489600,0.036943
2496000,0.037499
2502400,0.037624
2508800,0.037412
2515200,0.037846
2521600,0.038442
2528000,0.038706
2534400,0.037379
2540800,0.038145
2547200,0.040927
2553600,0.040561
2560000,0.040225
2566400,0.040155
2572800,0.040266
2579200,0.040361
2585600,0.040014
2592000,0.040463
2598400,0.040991
2604800,0.041222
2611200,0.040777
2617600,0.040928
2624000,0.041371
2630400,0.041157
2636800,0.041642
2643200,0.041272
2649600,0.041349
2656000,0.041727
2662400,0.041779
2668800,0.042017
2675200,0.041814
2681600,0.041804
2688000,0.042748
2694400,0.042559
2700800,0.042210
2707200,0.042426
2713600,0.042999
2720000,0.042958
2726400,0.043031
2732800,0.042648
2739200,0.042902
2745600,0.043398
2752000,0.043357
2758400,0.043358
2764800,0.042956
2771200,0.043504
2777600,0.043290
2784000,0.044289
2790400,0.045895
2796800,0.046559
2803200,0.045734
2809600,0.046036
2816000,0.046388
2822400,0.046500
2828800,0.046382
2835200,0.046828
2841600,0.046601
2848000,0.046771
2854400,0.047444
2860800,0.046394
2867200,0.047476
2873600,0.046518
2880000,0.047060
2886400,0.047010
2892800,0.047258
2899200,0.047434
2905600,0.047723
2912000,0.047581
2918400,0.047581
2924800,0.047006
2931200,0.047739
2937600,0.048254
2944000,0.047832
2950400,0.047946
2956800,0.047694
2963200,0.048431
2969600,0.048535
2976000,0.048224
2982400,0.048635
2988800,0.048167
2995200,0.049143
3001600,0.048496
3008000,0.048926
3014400,0.048774
3020800,0.049176
3027200,0.049200
3033600,0.049035
3040000,0.049561
3046400,0.049402
3052800,0.049367
3059200,0.049709
3065600,0.049620
3072000,0.050230
3078400,0.049721
3084800,0.050052
3091200,0.050053
3097600,0.050097
3104000,0.050938
3110400,0.050675
3116800,0.050410
3123200,0.051056
3129600,0.050602
3136000,0.051137
3142400,0.052837
3148800,0.052797
3155200,0.053420
3161600,0.053739
3168000,0.053956
3174400,0.053516
3180800,0.053570
3187200,0.053690
3193600,0.053514
3200000,0.053385
3206400,0.053873
3212800,0.054097
3219200,0.054829
3225600,0.054263
3232000,0.053976
3238400,0.054183
3244800,0.054086
3251200,0.054442
3257600,0.054037
